10
100
3266
3852
4895
5891
7915
9715
10298
10305
13057
18774
18971
23634
32938
33130
34186
35026
39007
40913
40966
43972
52775
64592
65904
69470
72740
77315
82871
85278
85623
86604
86613
92180
92615
95225
96441
97254
97973
100005
100286
101997
103011
109445
111794
112158
112171
112176
113573
114513
115942
117089
119685
120708
120778
120958
122665
123146
123978
124569
125342
128230
130573
131330
133536
133866
140525
142254
142421
144968
146719
151200
151291
151318
154173
154314
154902
162019
162643
162876
163111
164948
166522
168029
171674
171934
172122
172394
172447
172569
173254
177074
177533
177647
179377
182753
182848
188804
189913
193707
194542
197207
200767
201550
204199
204393
207736
209270
212164
221221
222593
223985
226532
227587
234853
237145
237403
237923
244964
245327
245905
245906
246371
247484
248403
248415
248737
249470
250379
250804
251632
251937
254783
255072
256326
263191
264762
270632
272621
273173
274592
276573
277228
277364
278171
289434
289443
